#granular molecule

5 atoms

7.958284 mass
-0.3325444707232 0.05254225521574 0.22361149577316 com
0.64806217 0.744567752347 0.56000530152 0.0327411891 -0.00137838661 0.038060528335 inertia

Coords

1 0 0 0
2 -0.358270407339 -0.040907098896 0.822792121288
3 -0.370234695500 -0.010950559903 0.536836717086
4 -0.477265687688 0.086339611971 0.172465049850
5 -0.669189673866 0.220112358093 -0.119617357082

Types

1 1
2 1
3 1
4 1
5 1

Diameters

1 2
2 1.8473335435395
3 1.96569048359438
4 1.98251875751943
5 1.91144839451626

