#granular molecule

5 atoms

8.069632 mass
-0.296484480973 0.08838597593 0.25775661133 com
0.678975836 0.746961002 0.552045504 0.042111328 -0.00535743 0.03873191 inertia

Coords

1 0 0 0
2 -0.3048730661130  -0.0098766291583  0.876307012541
3 -0.2888212711301 0.0287787633407 0.5886357866342
4 -0.3872736704209 0.138418567318 0.2256347723642
5 -0.6082249754418 0.2842187076022 -0.0948631894548
	
Types

1 1
2 1
3 1
4 1
5 1

Diameters

1 2
2 1.856506059504
3 1.9830650457901
4 1.9965874851295
5 1.9306481263199

